 0|family      | 25| 11| 3| 39
 1|hello       | 30| 16| 4| 50
 2|help        | 25| 13| 4| 42
 3|house       | 30|  6| 6| 42
 4|ily         | 25| 13| 5| 43
 5|no          | 25|  8| 3| 36
 6|please      | 25|  7| 4| 36
 7|thank you   | 33| 10| 6| 49
 8|yes         | 25|  7| 6| 38
 9|agree       | 35|  6| 1| 42
10|busy        | 25| 14| 4| 43
11|close       | 29| 10| 1| 40
12|cry         | 21|  8| 1| 30
13|drink       | 21|  6| 2| 29
14|deer        | 21|  9| 1| 31
15|elephant    | 21|  7| 3| 31
16|fever       | 21|  4| 4| 29
17|give        | 21|  7| 1| 29
18|injury      | 21|  8| 2| 31
19|knife       | 21|  5| 4| 30
20|man         | 21|  4| 2| 27
21|tea         | 21|  6| 3| 30
TOTAL|1042|189|70|1301
